0.3333333333333333
0.1805359927403007
0.1159278464862213
0.0820780659590383
0.0618496002413377
0.0486605823426062
0.0395132986024057
0.0328701017544880
0.0278702862721800
0.0239987409600620
0.0209304400432259
0.0184513099045066
0.0164152586042591
0.0147195638076874
0.0132901324757843
0.0120723317737698
0.0110250964606384
0.0101170330064859
0.0093237789039835
0.0086261728849515
0.0080089618703679
0.0074598709610601
0.0069689238144320
0.0065279387776372
0.0061301503808627
0.0057699215598864
0.0054425224281914
0.0051439584672521
0.0048708358327268
0.0046202548314912
